free_thresh: 0.196
image: trajectoire4_4_hector_odom.pgm
negate: 0
occupied_thresh: 0.65
origin: [-29.212497999999997, -43.737497999999995, 0.0]
resolution: 0.025
