free_thresh: 0.196
image: trajectoire4_4_hector.pgm
negate: 0
occupied_thresh: 0.65
origin: [-41.987497999999995, -41.862497999999995, 0.0]
resolution: 0.025
